# Signatures Produced by ClassSig from 
#    Class-Grid __1000001
#    and Stack __1000000

#    Number of selected grids
/*           7
#    Layer-Number    Band-name
/*           1       Comp_band.tif\Band_1
/*           2       Comp_band.tif\Band_2
/*           3       Comp_band.tif\Band_3
/*           4       Comp_band.tif\Band_4
/*           5       Comp_band.tif\Band_5
/*           6       Comp_band.tif\Band_6
/*           7       Comp_band.tif\Band_7

#  Type   Number of Classes   Number of Layers    Number of Parametric Layers
    1             5                  7                         7
# ===================================================================

#  Class ID     Number of Cells    Class Name
        1               488         1
# Layers             1             2             3             4             5             6             7
# Means    
            1.003380e+004 1.119401e+004 1.327788e+004 1.434377e+004 1.732624e+004 1.823964e+004 1.640058e+004
# Covariance
    1       1.391032e+005 1.392027e+005 1.325714e+005 1.766359e+005 5.829891e+004 1.625066e+005 1.746549e+005
    2       1.392027e+005 1.543915e+005 1.546804e+005 2.002270e+005 4.222307e+004 1.596470e+005 1.899614e+005
    3       1.325714e+005 1.546804e+005 1.967210e+005 2.463870e+005 6.049236e+004 1.809137e+005 2.187687e+005
    4       1.766359e+005 2.002270e+005 2.463870e+005 3.217736e+005 8.147402e+004 2.535645e+005 2.985687e+005
    5       5.829891e+004 4.222307e+004 6.049236e+004 8.147402e+004 3.731484e+005 2.905834e+005 1.208394e+005
    6       1.625066e+005 1.596470e+005 1.809137e+005 2.535645e+005 2.905834e+005 4.911898e+005 3.993662e+005
    7       1.746549e+005 1.899614e+005 2.187687e+005 2.985687e+005 1.208394e+005 3.993662e+005 4.241556e+005
# -------------------------------------------------------------------

#  Class ID     Number of Cells    Class Name
        7                21         7
# Layers             1             2             3             4             5             6             7
# Means    
            9.292667e+003 9.969524e+003 1.185505e+004 1.171895e+004 1.408119e+004 1.229076e+004 1.106014e+004
# Covariance
    1       1.669933e+005 1.669350e+005 1.139958e+005 1.443848e+005 9.964267e+004 2.108331e+005 1.401379e+005
    2       1.669350e+005 1.702724e+005 1.170704e+005 1.538085e+005 1.092982e+005 2.389583e+005 1.586123e+005
    3       1.139958e+005 1.170704e+005 1.391388e+005 1.333129e+005 7.991264e+004 6.590296e+004 5.480764e+004
    4       1.443848e+005 1.538085e+005 1.333129e+005 1.856301e+005 1.586472e+005 2.444585e+005 1.907627e+005
    5       9.964267e+004 1.092982e+005 7.991264e+004 1.586472e+005 1.108912e+006 8.163295e+005 5.071926e+005
    6       2.108331e+005 2.389583e+005 6.590296e+004 2.444585e+005 8.163295e+005 1.456336e+006 9.580463e+005
    7       1.401379e+005 1.586123e+005 5.480764e+004 1.907627e+005 5.071926e+005 9.580463e+005 6.789311e+005
# -------------------------------------------------------------------

#  Class ID     Number of Cells    Class Name
       12              2597         12
# Layers             1             2             3             4             5             6             7
# Means    
            8.544210e+003 9.232460e+003 1.064012e+004 1.130213e+004 1.570951e+004 1.747409e+004 1.411598e+004
# Covariance
    1       3.328651e+004 3.076103e+004 1.103157e+004 4.431797e+004 -1.094708e+005 7.691839e+004 1.109041e+005
    2       3.076103e+004 3.422046e+004 2.077250e+004 6.067792e+004 -9.280163e+004 9.153984e+004 1.105689e+005
    3       1.103157e+004 2.077250e+004 3.085982e+004 5.375018e+004 2.496229e+004 6.886369e+004 4.546361e+004
    4       4.431797e+004 6.067792e+004 5.375018e+004 1.356214e+005 -1.077775e+005 1.887795e+005 1.793662e+005
    5       -1.094708e+005 -9.280163e+004 2.496229e+004 -1.077775e+005 8.366430e+005 -7.097364e+004 -3.626344e+005
    6       7.691839e+004 9.153984e+004 6.886369e+004 1.887795e+005 -7.097364e+004 4.700452e+005 3.679050e+005
    7       1.109041e+005 1.105689e+005 4.546361e+004 1.793662e+005 -3.626344e+005 3.679050e+005 4.469677e+005
# -------------------------------------------------------------------

#  Class ID     Number of Cells    Class Name
       18               289         18
# Layers             1             2             3             4             5             6             7
# Means    
            1.011254e+004 1.079635e+004 1.227103e+004 1.363281e+004 1.695716e+004 2.038306e+004 1.695272e+004
# Covariance
    1       7.827667e+004 8.170564e+004 1.000039e+005 1.610467e+005 1.921205e+005 2.646752e+005 2.149428e+005
    2       8.170564e+004 9.041962e+004 1.167048e+005 1.807861e+005 2.350017e+005 2.881051e+005 2.324656e+005
    3       1.000039e+005 1.167048e+005 1.625453e+005 2.446713e+005 3.367863e+005 3.593642e+005 2.886866e+005
    4       1.610467e+005 1.807861e+005 2.446713e+005 3.825418e+005 4.931027e+005 5.634612e+005 4.549333e+005
    5       1.921205e+005 2.350017e+005 3.367863e+005 4.931027e+005 8.160049e+005 8.244448e+005 6.095360e+005
    6       2.646752e+005 2.881051e+005 3.593642e+005 5.634612e+005 8.244448e+005 1.169164e+006 8.848578e+005
    7       2.149428e+005 2.324656e+005 2.886866e+005 4.549333e+005 6.095360e+005 8.848578e+005 7.106738e+005
# -------------------------------------------------------------------

#  Class ID     Number of Cells    Class Name
       23               864         23
# Layers             1             2             3             4             5             6             7
# Means    
            1.063756e+004 1.160446e+004 1.363934e+004 1.527812e+004 1.888010e+004 2.115464e+004 1.824159e+004
# Covariance
    1       2.171106e+005 2.224208e+005 2.778885e+005 3.538660e+005 4.350922e+005 5.467767e+005 5.689064e+005
    2       2.224208e+005 2.310091e+005 2.897834e+005 3.676315e+005 4.490506e+005 5.657521e+005 5.869844e+005
    3       2.778885e+005 2.897834e+005 3.715574e+005 4.698531e+005 5.658402e+005 7.098340e+005 7.366696e+005
    4       3.538660e+005 3.676315e+005 4.698531e+005 6.109403e+005 7.391589e+005 9.221396e+005 9.429221e+005
    5       4.350922e+005 4.490506e+005 5.658402e+005 7.391589e+005 1.021667e+006 1.186926e+006 1.156094e+006
    6       5.467767e+005 5.657521e+005 7.098340e+005 9.221396e+005 1.186926e+006 1.515721e+006 1.509764e+006
    7       5.689064e+005 5.869844e+005 7.366696e+005 9.429221e+005 1.156094e+006 1.509764e+006 1.579760e+006
